1	0.000002	0.000001
2	0.000001	0.000001
3	0.000001	0.000001
4	0.000001	0.000001
5	0.000001	0.000001
6	0.000001	0.000001
7	0.000001	0.000001
8	0.000001	0.000001
9	0.000001	0.000001
10	0.000001	0.000001
11	0.000001	0.000001
12	0.000001	0.000001
13	0.000001	0.000001
14	0.000001	0.000001
15	0.000001	0.000001
16	0.000001	0.000001
17	0.000001	0.000001
18	0.000001	0.000001
19	0.000001	0.000001
20	0.000001	0.000001
21	0.000001	0.000001
22	0.000001	0.000001
23	0.000001	0.000001
24	0.000001	0.000001
25	0.000002	0.000001
26	0.000002	0.000001
27	0.000001	0.000001
28	0.000001	0.000001
29	0.000001	0.000001
30	0.000001	0.000001
31	0.000001	0.000001
32	0.000002	0.000001
33	0.000002	0.000001
34	0.000002	0.000001
35	0.000001	0.000001
36	0.000001	0.000001
37	0.000002	0.000001
38	0.000001	0.000001
39	0.000002	0.000001
40	0.000001	0.000001
41	0.000002	0.000001
42	0.000002	0.000001
43	0.000001	0.000001
44	0.000002	0.000001
45	0.000001	0.000001
46	0.000002	0.000001
47	0.000002	0.000001
48	0.000001	0.000001
49	0.000002	0.000001
50	0.000002	0.000001
51	0.000002	0.000001
52	0.000001	0.000001
53	0.000002	0.000001
54	0.000002	0.000001
55	0.000002	0.000001
56	0.000002	0.000001
57	0.000002	0.000001
58	0.000002	0.000001
59	0.000002	0.000001
60	0.000002	0.000001
61	0.000002	0.000001
62	0.000002	0.000001
63	0.000003	0.000001
64	0.000002	0.000001
65	0.000002	0.000001
66	0.000003	0.000001
67	0.000002	0.000001
68	0.000002	0.000001
69	0.000002	0.000002
70	0.000003	0.000001
71	0.000002	0.000001
72	0.000002	0.000001
73	0.000002	0.000001
74	0.000003	0.000001
75	0.000003	0.000002
76	0.000002	0.000001
77	0.000003	0.000001
78	0.000003	0.000001
79	0.000002	0.000001
80	0.000002	0.000001
81	0.000002	0.000001
82	0.000002	0.000001
83	0.000002	0.000001
84	0.000002	0.000001
85	0.000003	0.000001
86	0.000003	0.000001
87	0.000002	0.000001
88	0.000002	0.000001
89	0.000003	0.000001
90	0.000003	0.000001
91	0.000003	0.000001
92	0.000002	0.000001
93	0.000003	0.000001
94	0.000002	0.000001
95	0.000002	0.000001
96	0.000003	0.000001
97	0.000002	0.000001
98	0.000003	0.000002
99	0.000003	0.000001
100	0.000003	0.000001
101	0.000003	0.000001
102	0.000003	0.000001
103	0.000003	0.000001
104	0.000003	0.000001
105	0.000003	0.000001
106	0.000003	0.000001
107	0.000003	0.000001
108	0.000003	0.000001
109	0.000003	0.000001
110	0.000003	0.000001
111	0.000002	0.000001
112	0.000003	0.000001
113	0.000003	0.000001
114	0.000003	0.000001
115	0.000003	0.000001
116	0.000003	0.000001
117	0.000003	0.000001
118	0.000003	0.000001
119	0.000003	0.000001
120	0.000003	0.000001
121	0.000003	0.000001
122	0.000003	0.000001
123	0.000003	0.000002
124	0.000003	0.000001
125	0.000003	0.000001
126	0.000003	0.000001
127	0.000003	0.000001
128	0.000003	0.000001
129	0.000003	0.000001
130	0.000004	0.000002
131	0.000003	0.000001
132	0.000003	0.000001
133	0.000003	0.000001
134	0.000003	0.000001
135	0.000003	0.000000
136	0.000003	0.000001
137	0.000003	0.000001
138	0.000003	0.000001
139	0.000003	0.000001
140	0.000003	0.000001
141	0.000003	0.000001
142	0.000003	0.000001
143	0.000003	0.000001
144	0.000003	0.000001
145	0.000003	0.000001
146	0.000003	0.000001
147	0.000003	0.000001
148	0.000004	0.000001
149	0.000003	0.000001
150	0.000003	0.000001
151	0.000003	0.000001
152	0.000004	0.000001
153	0.000003	0.000001
154	0.000003	0.000001
155	0.000004	0.000001
156	0.000003	0.000001
157	0.000004	0.000001
158	0.000003	0.000001
159	0.000004	0.000001
160	0.000003	0.000001
161	0.000003	0.000001
162	0.000003	0.000000
163	0.000003	0.000001
164	0.000004	0.000001
165	0.000004	0.000001
166	0.000003	0.000001
167	0.000004	0.000000
168	0.000003	0.000001
169	0.000003	0.000001
170	0.000004	0.000001
171	0.000003	0.000001
172	0.000003	0.000001
173	0.000004	0.000001
174	0.000004	0.000001
175	0.000004	0.000001
176	0.000003	0.000001
177	0.000004	0.000001
178	0.000004	0.000010
179	0.000004	0.000001
180	0.000004	0.000001
181	0.000004	0.000001
182	0.000003	0.000001
183	0.000004	0.000001
184	0.000003	0.000001
185	0.000003	0.000001
186	0.000004	0.000001
187	0.000004	0.000001
188	0.000004	0.000001
189	0.000004	0.000000
190	0.000004	0.000001
191	0.000004	0.000001
192	0.000004	0.000001
193	0.000004	0.000001
194	0.000004	0.000001
195	0.000004	0.000001
196	0.000004	0.000001
197	0.000004	0.000001
198	0.000004	0.000001
199	0.000004	0.000001
200	0.000004	0.000001
201	0.000009	0.000001
202	0.000004	0.000001
203	0.000005	0.000001
204	0.000004	0.000001
205	0.000004	0.000001
206	0.000004	0.000001
207	0.000004	0.000001
208	0.000004	0.000001
209	0.000004	0.000001
210	0.000005	0.000001
211	0.000005	0.000001
212	0.000004	0.000001
213	0.000004	0.000000
214	0.000004	0.000001
215	0.000004	0.000001
216	0.000005	0.000001
217	0.000004	0.000001
218	0.000004	0.000001
219	0.000004	0.000001
220	0.000011	0.000001
221	0.000004	0.000001
222	0.000004	0.000001
223	0.000004	0.000001
224	0.000004	0.000001
225	0.000005	0.000001
226	0.000004	0.000001
227	0.000005	0.000001
228	0.000005	0.000001
229	0.000005	0.000001
230	0.000005	0.000001
231	0.000004	0.000001
232	0.000005	0.000001
233	0.000005	0.000001
234	0.000005	0.000001
235	0.000006	0.000001
236	0.000005	0.000001
237	0.000004	0.000001
238	0.000005	0.000001
239	0.000005	0.000000
240	0.000005	0.000001
241	0.000004	0.000001
242	0.000004	0.000001
243	0.000005	0.000001
244	0.000005	0.000001
245	0.000005	0.000001
246	0.000005	0.000001
247	0.000004	0.000001
248	0.000005	0.000001
249	0.000006	0.000001
250	0.000005	0.000001
251	0.000005	0.000001
252	0.000004	0.000001
253	0.000004	0.000001
254	0.000005	0.000001
255	0.000005	0.000001
256	0.000005	0.000001
257	0.000005	0.000001
258	0.000005	0.000001
259	0.000005	0.000001
260	0.000005	0.000001
261	0.000005	0.000001
262	0.000005	0.000001
263	0.000005	0.000001
264	0.000005	0.000002
265	0.000005	0.000000
266	0.000008	0.000001
267	0.000005	0.000001
268	0.000006	0.000001
269	0.000006	0.000001
270	0.000005	0.000001
271	0.000006	0.000001
272	0.000005	0.000000
273	0.000005	0.000001
274	0.000006	0.000001
275	0.000005	0.000001
276	0.000006	0.000001
277	0.000005	0.000001
278	0.000006	0.000001
279	0.000005	0.000001
280	0.000005	0.000001
281	0.000006	0.000001
282	0.000005	0.000001
283	0.000005	0.000001
284	0.000005	0.000001
285	0.000005	0.000001
286	0.000006	0.000000
287	0.000006	0.000001
288	0.000005	0.000001
289	0.000006	0.000001
290	0.000006	0.000001
291	0.000006	0.000000
292	0.000006	0.000001
293	0.000005	0.000001
294	0.000006	0.000001
295	0.000006	0.000001
296	0.000006	0.000001
297	0.000005	0.000001
298	0.000005	0.000001
299	0.000005	0.000001
300	0.000006	0.000001
301	0.000006	0.000001
302	0.000006	0.000001
303	0.000006	0.000001
304	0.000006	0.000001
305	0.000006	0.000001
306	0.000006	0.000001
307	0.000005	0.000001
308	0.000006	0.000001
309	0.000006	0.000001
310	0.000006	0.000001
311	0.000006	0.000000
312	0.000006	0.000001
313	0.000006	0.000001
314	0.000006	0.000001
315	0.000006	0.000001
316	0.000006	0.000001
317	0.000006	0.000000
318	0.000006	0.000000
319	0.000006	0.000001
320	0.000006	0.000001
321	0.000006	0.000001
322	0.000006	0.000001
323	0.000007	0.000001
324	0.000006	0.000001
325	0.000006	0.000001
326	0.000006	0.000001
327	0.000007	0.000001
328	0.000006	0.000001
329	0.000006	0.000001
330	0.000007	0.000001
331	0.000006	0.000001
332	0.000006	0.000001
333	0.000007	0.000001
334	0.000006	0.000000
335	0.000006	0.000001
336	0.000006	0.000001
337	0.000006	0.000001
338	0.000006	0.000001
339	0.000006	0.000001
340	0.000007	0.000001
341	0.000006	0.000001
342	0.000007	0.000001
343	0.000006	0.000001
344	0.000006	0.000001
345	0.000007	0.000001
346	0.000006	0.000001
347	0.000006	0.000001
348	0.000007	0.000000
349	0.000007	0.000001
350	0.000006	0.000001
351	0.000006	0.000001
352	0.000007	0.000001
353	0.000007	0.000001
354	0.000007	0.000001
355	0.000006	0.000001
356	0.000006	0.000001
357	0.000006	0.000001
358	0.000006	0.000001
359	0.000006	0.000001
360	0.000007	0.000001
361	0.000007	0.000001
362	0.000006	0.000001
363	0.000006	0.000001
364	0.000007	0.000001
365	0.000007	0.000001
366	0.000007	0.000001
367	0.000007	0.000001
368	0.000007	0.000001
369	0.000007	0.000001
370	0.000007	0.000001
371	0.000007	0.000001
372	0.000007	0.000001
373	0.000007	0.000001
374	0.000007	0.000001
375	0.000007	0.000001
376	0.000007	0.000001
377	0.000007	0.000001
378	0.000007	0.000001
379	0.000008	0.000001
380	0.000007	0.000001
381	0.000007	0.000000
382	0.000007	0.000001
383	0.000008	0.000001
384	0.000007	0.000001
385	0.000007	0.000001
386	0.000007	0.000001
387	0.000007	0.000001
388	0.000007	0.000001
389	0.000007	0.000001
390	0.000007	0.000001
391	0.000007	0.000001
392	0.000009	0.000000
393	0.000009	0.000001
394	0.000009	0.000002
395	0.000010	0.000001
396	0.000010	0.000001
397	0.000009	0.000001
398	0.000009	0.000001
399	0.000009	0.000001
400	0.000010	0.000001
401	0.000010	0.000001
402	0.000009	0.000001
403	0.000009	0.000001
404	0.000009	0.000001
405	0.000009	0.000002
406	0.000010	0.000001
407	0.000009	0.000002
408	0.000010	0.000001
409	0.000009	0.000001
410	0.000009	0.000002
411	0.000010	0.000002
412	0.000010	0.000001
413	0.000010	0.000001
414	0.000010	0.000002
415	0.000010	0.000001
416	0.000010	0.000001
417	0.000010	0.000002
418	0.000010	0.000001
419	0.000010	0.000001
420	0.000009	0.000002
421	0.000010	0.000001
422	0.000010	0.000002
423	0.000010	0.000001
424	0.000010	0.000001
425	0.000010	0.000002
426	0.000010	0.000001
427	0.000011	0.000001
428	0.000010	0.000001
429	0.000010	0.000001
430	0.000011	0.000001
431	0.000010	0.000001
432	0.000010	0.000001
433	0.000010	0.000001
434	0.000010	0.000001
435	0.000010	0.000001
436	0.000011	0.000001
437	0.000011	0.000001
438	0.000011	0.000002
439	0.000011	0.000001
440	0.000010	0.000001
441	0.000010	0.000002
442	0.000011	0.000001
443	0.000011	0.000001
444	0.000011	0.000001
445	0.000011	0.000002
446	0.000011	0.000001
447	0.000011	0.000001
448	0.000010	0.000001
449	0.000011	0.000002
450	0.000011	0.000001
451	0.000010	0.000001
452	0.000011	0.000001
453	0.000011	0.000001
454	0.000011	0.000002
455	0.000011	0.000001
456	0.000011	0.000002
457	0.000011	0.000001
458	0.000011	0.000001
459	0.000011	0.000002
460	0.000011	0.000001
461	0.000011	0.000002
462	0.000011	0.000001
463	0.000011	0.000002
464	0.000011	0.000001
465	0.000011	0.000001
466	0.000012	0.000002
467	0.000011	0.000001
468	0.000011	0.000001
469	0.000011	0.000002
470	0.000011	0.000001
471	0.000011	0.000001
472	0.000011	0.000001
473	0.000012	0.000002
474	0.000011	0.000002
475	0.000011	0.000001
476	0.000011	0.000001
477	0.000012	0.000001
478	0.000012	0.000002
479	0.000011	0.000002
480	0.000011	0.000001
481	0.000011	0.000001
482	0.000009	0.000001
483	0.000008	0.000001
484	0.000008	0.000001
485	0.000007	0.000001
486	0.000008	0.000000
487	0.000007	0.000001
488	0.000008	0.000001
489	0.000008	0.000001
490	0.000008	0.000001
491	0.000008	0.000001
492	0.000008	0.000000
493	0.000008	0.000001
494	0.000008	0.000001
495	0.000008	0.000001
496	0.000008	0.000001
497	0.000008	0.000001
498	0.000008	0.000001
499	0.000008	0.000001
500	0.000008	0.000001
501	0.000008	0.000001
502	0.000008	0.000000
503	0.000008	0.000000
504	0.000008	0.000001
505	0.000008	0.000001
506	0.000008	0.000001
507	0.000008	0.000000
508	0.000008	0.000001
509	0.000009	0.000001
510	0.000009	0.000001
511	0.000009	0.000001
512	0.000008	0.000001
513	0.000008	0.000001
514	0.000008	0.000001
515	0.000008	0.000000
516	0.000008	0.000000
517	0.000009	0.000001
518	0.000008	0.000000
519	0.000008	0.000001
520	0.000008	0.000001
521	0.000007	0.000001
522	0.000007	0.000001
523	0.000007	0.000001
524	0.000007	0.000001
525	0.000007	0.000001
526	0.000007	0.000000
527	0.000007	0.000000
528	0.000008	0.000001
529	0.000007	0.000001
530	0.000007	0.000001
531	0.000007	0.000001
532	0.000007	0.000000
533	0.000007	0.000000
534	0.000007	0.000000
535	0.000007	0.000001
536	0.000007	0.000001
537	0.000007	0.000000
538	0.000007	0.000001
539	0.000007	0.000001
540	0.000007	0.000001
541	0.000007	0.000001
542	0.000007	0.000000
543	0.000007	0.000000
544	0.000008	0.000001
545	0.000007	0.000001
546	0.000007	0.000001
547	0.000007	0.000000
548	0.000007	0.000001
549	0.000007	0.000001
550	0.000007	0.000000
551	0.000008	0.000001
552	0.000008	0.000001
553	0.000007	0.000001
554	0.000008	0.000001
555	0.000007	0.000000
556	0.000007	0.000001
557	0.000008	0.000001
558	0.000008	0.000001
559	0.000007	0.000001
560	0.000008	0.000001
561	0.000007	0.000000
562	0.000008	0.000001
563	0.000007	0.000001
564	0.000007	0.000000
565	0.000009	0.000001
566	0.000008	0.000001
567	0.000008	0.000001
568	0.000007	0.000001
569	0.000007	0.000000
570	0.000008	0.000001
571	0.000008	0.000001
572	0.000007	0.000000
573	0.000008	0.000001
574	0.000008	0.000001
575	0.000008	0.000001
576	0.000007	0.000001
577	0.000008	0.000000
578	0.000008	0.000001
579	0.000008	0.000001
580	0.000008	0.000001
581	0.000007	0.000001
582	0.000007	0.000000
583	0.000008	0.000001
584	0.000008	0.000000
585	0.000008	0.000001
586	0.000008	0.000001
587	0.000008	0.000001
588	0.000008	0.000001
589	0.000008	0.000001
590	0.000008	0.000001
591	0.000008	0.000001
592	0.000008	0.000001
593	0.000007	0.000001
594	0.000007	0.000001
595	0.000008	0.000001
596	0.000007	0.000001
597	0.000008	0.000001
598	0.000008	0.000001
599	0.000008	0.000001
600	0.000008	0.000000
601	0.000008	0.000000
602	0.000008	0.000001
603	0.000008	0.000001
604	0.000008	0.000000
605	0.000008	0.000000
606	0.000009	0.000001
607	0.000008	0.000001
608	0.000008	0.000001
609	0.000008	0.000001
610	0.000009	0.000001
611	0.000008	0.000001
612	0.000008	0.000000
613	0.000008	0.000000
614	0.000008	0.000000
615	0.000008	0.000001
616	0.000008	0.000001
617	0.000009	0.000001
618	0.000009	0.000001
619	0.000008	0.000001
620	0.000009	0.000001
621	0.000009	0.000000
622	0.000008	0.000001
623	0.000009	0.000001
624	0.000009	0.000001
625	0.000011	0.000001
626	0.000009	0.000001
627	0.000009	0.000001
628	0.000009	0.000001
629	0.000009	0.000001
630	0.000007	0.000000
631	0.000007	0.000001
632	0.000008	0.000001
633	0.000007	0.000001
634	0.000008	0.000001
635	0.000007	0.000000
636	0.000008	0.000001
637	0.000007	0.000000
638	0.000008	0.000001
639	0.000007	0.000000
640	0.000007	0.000000
641	0.000008	0.000001
642	0.000007	0.000000
643	0.000008	0.000001
644	0.000008	0.000001
645	0.000007	0.000001
646	0.000008	0.000001
647	0.000008	0.000001
648	0.000007	0.000000
649	0.000008	0.000001
650	0.000007	0.000000
651	0.000008	0.000001
652	0.000007	0.000000
653	0.000008	0.000001
654	0.000008	0.000001
655	0.000008	0.000000
656	0.000008	0.000001
657	0.000007	0.000001
658	0.000009	0.000001
659	0.000008	0.000001
660	0.000008	0.000001
661	0.000008	0.000000
662	0.000008	0.000001
663	0.000007	0.000000
664	0.000008	0.000001
665	0.000008	0.000001
666	0.000007	0.000000
667	0.000008	0.000001
668	0.000008	0.000012
669	0.000010	0.000001
670	0.000008	0.000000
671	0.000009	0.000001
672	0.000009	0.000002
673	0.000008	0.000001
674	0.000008	0.000001
675	0.000008	0.000001
676	0.000008	0.000001
677	0.000008	0.000001
678	0.000008	0.000001
679	0.000008	0.000000
680	0.000008	0.000000
681	0.000008	0.000001
682	0.000008	0.000001
683	0.000008	0.000001
684	0.000008	0.000001
685	0.000008	0.000001
686	0.000008	0.000001
687	0.000008	0.000000
688	0.000008	0.000000
689	0.000008	0.000001
690	0.000008	0.000001
691	0.000008	0.000001
692	0.000008	0.000001
693	0.000008	0.000000
694	0.000008	0.000001
695	0.000008	0.000000
696	0.000008	0.000000
697	0.000008	0.000000
698	0.000008	0.000000
699	0.000008	0.000000
700	0.000008	0.000000
701	0.000008	0.000000
702	0.000008	0.000000
703	0.000008	0.000000
704	0.000008	0.000001
705	0.000009	0.000001
706	0.000008	0.000000
707	0.000008	0.000001
708	0.000009	0.000001
709	0.000009	0.000000
710	0.000008	0.000000
711	0.000008	0.000001
712	0.000008	0.000001
713	0.000008	0.000000
714	0.000008	0.000000
715	0.000009	0.000001
716	0.000008	0.000001
717	0.000008	0.000001
718	0.000009	0.000000
719	0.000008	0.000000
720	0.000008	0.000001
721	0.000009	0.000001
722	0.000009	0.000001
723	0.000008	0.000001
724	0.000009	0.000001
725	0.000008	0.000000
726	0.000009	0.000001
727	0.000009	0.000001
728	0.000009	0.000001
729	0.000009	0.000001
730	0.000008	0.000000
731	0.000009	0.000001
732	0.000009	0.000001
733	0.000008	0.000001
734	0.000009	0.000001
735	0.000009	0.000001
736	0.000008	0.000000
737	0.000009	0.000001
738	0.000009	0.000000
739	0.000009	0.000001
740	0.000008	0.000000
741	0.000009	0.000001
742	0.000008	0.000000
743	0.000009	0.000001
744	0.000008	0.000001
745	0.000009	0.000000
746	0.000009	0.000001
747	0.000009	0.000001
748	0.000010	0.000001
749	0.000010	0.000000
750	0.000009	0.000001
751	0.000009	0.000001
752	0.000008	0.000001
753	0.000008	0.000000
754	0.000009	0.000001
755	0.000008	0.000000
756	0.000008	0.000000
757	0.000009	0.000001
758	0.000009	0.000000
759	0.000009	0.000001
760	0.000008	0.000000
761	0.000009	0.000001
762	0.000009	0.000001
763	0.000008	0.000001
764	0.000009	0.000001
765	0.000008	0.000000
766	0.000009	0.000001
767	0.000008	0.000000
768	0.000009	0.000001
769	0.000008	0.000001
770	0.000009	0.000001
771	0.000008	0.000000
772	0.000009	0.000001
773	0.000009	0.000000
774	0.000009	0.000001
775	0.000009	0.000000
776	0.000009	0.000001
777	0.000009	0.000001
778	0.000009	0.000001
779	0.000009	0.000000
780	0.000008	0.000001
781	0.000009	0.000001
782	0.000009	0.000001
783	0.000009	0.000001
784	0.000009	0.000001
785	0.000009	0.000000
786	0.000009	0.000001
787	0.000009	0.000001
788	0.000009	0.000001
789	0.000009	0.000001
790	0.000009	0.000000
791	0.000009	0.000001
792	0.000009	0.000001
793	0.000009	0.000000
794	0.000009	0.000001
795	0.000008	0.000001
796	0.000009	0.000000
797	0.000009	0.000001
798	0.000009	0.000001
799	0.000009	0.000001
800	0.000010	0.000001
801	0.000009	0.000000
802	0.000009	0.000000
803	0.000009	0.000001
804	0.000009	0.000001
805	0.000009	0.000001
806	0.000010	0.000001
807	0.000010	0.000001
808	0.000010	0.000001
809	0.000009	0.000001
810	0.000010	0.000001
811	0.000010	0.000001
812	0.000009	0.000000
813	0.000009	0.000000
814	0.000009	0.000000
815	0.000009	0.000000
816	0.000009	0.000000
817	0.000009	0.000001
818	0.000009	0.000000
819	0.000009	0.000000
820	0.000009	0.000000
821	0.000009	0.000001
822	0.000009	0.000001
823	0.000009	0.000001
824	0.000009	0.000000
825	0.000009	0.000000
826	0.000009	0.000000
827	0.000009	0.000001
828	0.000009	0.000001
829	0.000010	0.000000
830	0.000009	0.000000
831	0.000009	0.000000
832	0.000009	0.000000
833	0.000009	0.000000
834	0.000009	0.000001
835	0.000010	0.000001
836	0.000010	0.000001
837	0.000009	0.000000
838	0.000009	0.000001
839	0.000010	0.000001
840	0.000010	0.000001
841	0.000009	0.000000
842	0.000009	0.000000
843	0.000009	0.000001
844	0.000010	0.000001
845	0.000010	0.000001
846	0.000009	0.000000
847	0.000009	0.000001
848	0.000010	0.000001
849	0.000009	0.000000
850	0.000009	0.000000
851	0.000009	0.000000
852	0.000010	0.000001
853	0.000010	0.000001
854	0.000009	0.000001
855	0.000010	0.000001
856	0.000009	0.000000
857	0.000010	0.000001
858	0.000010	0.000000
859	0.000009	0.000000
860	0.000010	0.000001
861	0.000010	0.000001
862	0.000009	0.000000
863	0.000010	0.000001
864	0.000010	0.000001
865	0.000011	0.000001
866	0.000009	0.000000
867	0.000010	0.000001
868	0.000010	0.000001
869	0.000009	0.000001
870	0.000008	0.000000
871	0.000008	0.000000
872	0.000008	0.000000
873	0.000008	0.000000
874	0.000008	0.000001
875	0.000008	0.000001
876	0.000010	0.000001
877	0.000008	0.000001
878	0.000008	0.000001
879	0.000011	0.000000
880	0.000007	0.000000
881	0.000012	0.000000
882	0.000009	0.000000
883	0.000007	0.000000
884	0.000017	0.000001
885	0.000009	0.000000
886	0.000010	0.000000
887	0.000008	0.000001
888	0.000008	0.000000
889	0.000009	0.000001
890	0.000011	0.000001
891	0.000015	0.000001
892	0.000012	0.000001
893	0.000010	0.000001
894	0.000010	0.000001
895	0.000009	0.000001
896	0.000009	0.000001
897	0.000011	0.000001
898	0.000011	0.000001
899	0.000010	0.000001
900	0.000024	0.000002
901	0.000025	0.000018
902	0.000024	0.000000
903	0.000010	0.000000
904	0.000011	0.000001
905	0.000009	0.000000
906	0.000009	0.000001
907	0.000011	0.000001
908	0.000010	0.000000
909	0.000008	0.000001
910	0.000008	0.000001
911	0.000008	0.000001
912	0.000008	0.000000
913	0.000010	0.000001
914	0.000008	0.000000
915	0.000008	0.000000
916	0.000008	0.000000
917	0.000009	0.000000
918	0.000008	0.000001
919	0.000008	0.000001
920	0.000008	0.000001
921	0.000008	0.000000
922	0.000008	0.000000
923	0.000008	0.000000
924	0.000009	0.000000
925	0.000009	0.000000
926	0.000008	0.000001
927	0.000008	0.000001
928	0.000008	0.000000
929	0.000008	0.000000
930	0.000009	0.000000
931	0.000008	0.000001
932	0.000008	0.000001
933	0.000008	0.000000
934	0.000009	0.000000
935	0.000009	0.000001
936	0.000008	0.000001
937	0.000008	0.000000
938	0.000009	0.000000
939	0.000008	0.000001
940	0.000008	0.000000
941	0.000009	0.000000
942	0.000008	0.000001
943	0.000008	0.000000
944	0.000008	0.000000
945	0.000009	0.000001
946	0.000008	0.000001
947	0.000009	0.000000
948	0.000009	0.000001
949	0.000008	0.000000
950	0.000009	0.000000
951	0.000009	0.000001
952	0.000008	0.000000
953	0.000009	0.000001
954	0.000008	0.000000
955	0.000009	0.000000
956	0.000008	0.000001
957	0.000008	0.000000
958	0.000009	0.000001
959	0.000008	0.000000
960	0.000009	0.000001
961	0.000008	0.000000
962	0.000009	0.000001
963	0.000008	0.000000
964	0.000009	0.000001
965	0.000008	0.000000
966	0.000009	0.000001
967	0.000008	0.000000
968	0.000009	0.000001
969	0.000009	0.000000
970	0.000009	0.000001
971	0.000009	0.000000
972	0.000008	0.000000
973	0.000009	0.000001
974	0.000008	0.000000
975	0.000009	0.000001
976	0.000009	0.000000
977	0.000009	0.000001
978	0.000009	0.000001
979	0.000008	0.000000
980	0.000009	0.000001
981	0.000009	0.000001
982	0.000008	0.000000
983	0.000009	0.000001
984	0.000009	0.000001
985	0.000008	0.000000
986	0.000009	0.000001
987	0.000009	0.000001
988	0.000008	0.000000
989	0.000009	0.000001
990	0.000009	0.000001
991	0.000009	0.000001
992	0.000008	0.000000
993	0.000009	0.000000
994	0.000009	0.000001
995	0.000026	0.000001
996	0.000008	0.000000
997	0.000009	0.000000
998	0.000008	0.000000
999	0.000009	0.000000
1000	0.000009	0.000001
